#
#
#  Percent Identity  Matrix - created by Clustal2.1 
#
#

     1: lcl|NC_004455.1_prot_NP_758892.1_7_63   100.00   20.94   17.28   16.23   17.03   13.64   12.54   11.37    8.53   13.06   14.64   11.34   16.15    8.77    9.09   10.05    8.30   12.09    6.48    4.93   10.00    8.70    8.72    5.95    8.33    6.32    6.84    7.23   10.16   11.64   10.27    9.16    8.89    8.91    7.79    7.63    8.12    6.58   11.06    7.80    9.61    7.69   10.39   11.82   10.67    9.86    9.66    7.11   10.19   11.42   11.11   11.86   11.22   10.14    4.89   13.26   11.40    9.09   12.15   11.90    9.05   11.16   11.02    9.35   11.81   11.43   10.10    3.09    9.34    8.17    6.02   10.93    5.85   14.07    8.46    9.47    6.67    7.66    7.62    7.62    7.59    6.22    7.75   12.56   11.26   10.46    9.58   10.58   11.76    9.49    7.69    7.18    6.84   11.50   11.47    7.04   12.26    9.54   11.11   10.17
     2: lcl|NC_004455.1_prot_NP_758892.1_7_88    20.94  100.00   12.53   14.62   14.53   12.09   14.78   11.90   12.66   11.20   12.33   11.98   13.14    7.77    8.15    8.18    5.02    8.04    4.44    8.51    7.54    8.66    7.01    9.63    8.57   10.06    7.45    8.50    8.19   10.50    8.65    6.43    5.65    9.13    7.55    7.46    9.35    8.84   10.27    5.69    7.47    8.74   10.05    8.99    8.85    7.09    6.03    7.78    9.66    9.28    8.90    6.60    8.60    8.58    9.83   10.96    6.50   10.33   10.00   12.00   10.79   10.13    8.93    7.58    6.01    8.06    6.75    5.45    7.49   12.92    9.36    9.09    8.18    7.91    6.90   10.77    6.40   12.37    8.04    6.40    9.76    7.61    8.80    7.54    9.77   11.83    9.44   10.27    8.11   10.47   10.30   11.43   14.46    8.93   13.20    7.24    8.61   13.59    9.63    7.87
     3: lcl|NC_004455.1_prot_NP_758892.1_7_68    17.28   12.53  100.00   20.27   18.20   12.47   14.08   12.17   13.47   14.60   11.38   12.33   11.45   13.41    9.81    9.57    6.98    7.69    9.27    8.80   10.85    7.66    8.58    8.84    8.29    8.68    7.63    7.69    7.14   10.28   13.04   11.11    9.57    9.81   10.19    7.32    9.85   10.97    5.53   10.79    7.96   10.18   12.18   11.83    8.51    8.12    9.06    6.33   10.30   13.68   10.88   11.02    9.76   11.27   11.19   11.96   12.44   10.97   12.16   11.06   10.13   12.39    6.61    6.64   10.20    9.00    7.89    8.87    9.57    9.52    7.50    7.95    9.55    7.88    6.94   11.46    8.46    8.33    8.68    8.25    9.14    8.89    7.64    9.15   13.91    9.89   10.20    8.15    8.44   10.95   10.81    7.77    7.65    9.44    6.37    6.93   10.06    9.30    8.51    7.65
     4: lcl|NC_004455.1_prot_NP_758892.1_7_65    16.23   14.62   20.27  100.00   18.90   13.33   12.95   11.59   11.36   11.17   11.26    9.81   10.29    9.81    8.95    8.91    8.15    8.75    5.63    9.27    9.90    7.17    6.08    5.99    6.88    9.05    9.65   10.70    9.05   13.33   11.97   10.51   11.79    8.46    6.88    8.17    6.13    7.79    6.38    7.83    7.14    9.66   11.26    6.40    8.57   11.92   10.36   11.49   14.35   10.00   10.08    9.47    6.01    8.41    7.19    9.03    7.35   11.76   12.92   11.24   10.48    9.83   11.07   11.34    9.60    9.55    7.54    5.49   11.88    8.64    9.34    7.83    8.28   11.06    8.09    8.05    6.55    9.38    6.06    8.67    7.54    9.88   14.53    9.40   11.38    7.55    7.39    9.60   10.84    6.49    8.65    8.09    8.54    9.14   12.57    8.20    8.84   10.22    5.91    6.06
     5: lcl|NC_004455.1_prot_NP_758892.1_7_99    17.03   14.53   18.20   18.90  100.00   12.07   12.85   11.43   10.63   11.79   11.82   10.94   11.86    7.82    6.60    6.40    7.02    7.82    6.33    6.87    7.64    8.71    5.28    6.96    8.80    5.71    7.66    9.85    7.96    8.65    8.71    9.54   11.22    8.70    8.33    6.69   10.29    8.37   11.07    8.73    7.05    7.05   10.64    6.02    9.13   10.20   10.07   10.00   10.81    5.81   11.69   12.55    8.68    6.85    8.91    9.70    8.58    7.91    9.45   10.00   11.63    9.45    8.40    8.71    7.78    7.78    9.01    8.72    8.97    7.58    6.54    6.91    7.19   11.52    6.87    8.57    5.41    8.99    6.63    7.73    9.71    9.14   10.05   10.82    8.67   11.24    5.21    7.09    7.43    7.11    8.15    6.99    6.35    5.76   12.77    7.91   10.00    8.43    9.39   11.39
     6: lcl|NC_004455.1_prot_NP_758892.1_7_32    13.64   12.09   12.47   13.33   12.07  100.00   18.48   15.49   15.30   13.52   14.68   14.70   15.12    8.05    9.70    9.42    7.92    7.38    9.30    7.36   10.78   11.65    9.50   12.89    8.28    9.12    8.37    7.18   10.31    9.55    7.28   11.17   13.61    9.96    9.04    9.09    7.03   11.68    8.72   12.85   10.58   10.27    8.65    7.06    8.04    8.80    8.60   11.16    8.92    9.05    8.44    9.47    6.36    8.51    5.93   11.06   10.65    8.13   12.29   14.64    7.63   10.89   10.10    9.90    9.62   10.43    7.44   10.67   14.86   12.86    8.79   10.81    7.07   13.33   12.30    9.28   12.25   11.43   11.51    9.32    8.92   12.11   11.27   10.16   10.00    9.23   12.20    5.69    8.42   10.55   10.42    9.06    8.92   11.82   11.51    6.72   11.64   10.08   11.98   10.22
     7: lcl|NC_004455.1_prot_NP_758892.1_7_96    12.54   14.78   14.08   12.95   12.85   18.48  100.00   18.18   15.07   15.27   17.00   16.20   18.62   10.98   10.38   11.00    8.96    8.59    8.68    5.78    6.79    7.02   10.13    7.48    9.04    5.56    7.52    7.82    9.68   11.47    7.44   11.40   10.42    7.97   10.53    7.23    9.96    7.72    9.38    8.30    9.00    8.42    9.68    9.20    6.22    7.46    9.50    8.70    5.43   11.71   14.12    9.69   11.76    8.09   13.24   11.64   10.47    7.61   11.35   15.56    8.74   11.82    5.73    9.72   10.81    9.62    8.37    7.73   10.96   10.29   10.71    8.76    9.83   11.42    9.14   11.31   10.05    9.17    9.96    8.09    9.33    8.64   10.22    8.29    8.85   11.56   10.59    4.25    6.34    9.38    7.88    8.52   10.17    9.82    8.33   13.33   12.40   10.33    9.54   11.69
     8: lcl|NC_004455.1_prot_NP_758892.1_7_44    11.37   11.90   12.17   11.59   11.43   15.49   18.18  100.00   17.38   17.04   19.50   11.62   13.71    8.02   11.97   11.00   11.59    7.57    8.76    7.46    7.41    8.37    7.41    6.45    4.88    6.67    7.66    8.85    6.67   11.63   11.54    9.85   10.82    7.14   11.01    6.10    6.06    9.52    9.31    9.50    6.06    8.84    9.17    9.64    8.21    7.72    9.47    9.82    7.66    7.11   12.44   11.34    6.97    5.29    8.21   12.92   11.06    9.50    9.66   10.48    7.80    8.81   12.33    7.91    9.81   12.08    8.73   12.98   11.16    9.76    7.91    7.87    8.95    9.51    9.87    9.31    6.48    6.70    9.09    6.53    8.89   11.24    7.87   12.14    7.59   14.62    8.09    7.38    6.82    7.41    6.31    8.11    6.91    9.80    9.44    5.33   10.13    9.55   13.68   12.50
     9: lcl|NC_004455.1_prot_NP_758892.1_7_1      8.53   12.66   13.47   11.36   10.63   15.30   15.07   17.38  100.00   18.06   17.66   11.35   12.16    6.51    8.30   10.29    7.53    7.35    6.84    6.34   11.47   11.97    6.87    7.25    7.85    9.12   11.03    9.92    5.07    7.24    6.67    7.09    9.95   11.95    8.33    8.46    8.57    7.50    8.50    8.46    7.84    8.96    8.92    7.02    8.26    9.09   10.24    8.71    7.57   10.04    8.63    7.37    6.15    8.40    9.70    9.89    7.50    7.38   12.06    7.75    5.42    6.20    5.62    6.75    7.36   11.89    7.98    7.83    7.87    6.98    8.74    9.15    5.26    9.56    7.79    7.66   10.85    7.41    6.99    8.71    7.58    8.26    9.29    8.30    8.02    7.61   10.96    7.08    9.42   13.07    9.13    8.52    8.55   11.95    8.82    7.50    9.55    9.72    8.49    8.10
    10: lcl|NC_004455.1_prot_NP_758892.1_7_59    13.06   11.20   14.60   11.17   11.79   13.52   15.27   17.04   18.06  100.00   19.75   15.29    9.23    5.51    7.89    9.96    9.54    7.72   10.34    4.64    6.40    9.17    7.95    9.00    8.45    9.96   10.30    7.48    7.76    8.00    8.80    9.72    8.16    7.69    7.07    7.42    5.60    7.76    6.67    8.46   10.82    6.41    7.47    8.68    6.72    7.28    9.79    9.71    8.87    9.77   10.85   10.57    4.86    5.91    6.57    7.14    8.02    6.47   10.18    9.56    5.09    8.15    9.81   13.03    8.37    9.70    8.68    7.48    7.52    8.40    5.23    8.59    9.40    8.33    9.59    9.71   10.37    7.56   10.08    7.39    7.98    5.65    7.73    7.25    7.10    8.20    8.70    7.10    6.11   11.34    5.45    7.14    9.71   12.87    9.43    8.96   15.64    9.57    7.46   10.33
    11: lcl|NC_004455.1_prot_NP_758892.1_7_100   14.64   12.33   11.38   11.26   11.82   14.68   17.00   19.50   17.66   19.75  100.00   11.11   13.90   10.74   10.63    9.30    9.85    7.32    7.80    8.24    7.42   11.01    9.20    5.62    8.02    7.14    8.94    5.88    6.19    9.59   11.27    9.29    7.11    9.23    9.48    8.81    7.48    9.52    7.41   14.47   11.95    7.79    9.57    7.89    6.80    6.32    8.92    7.80    7.46    9.36    9.36    6.28    7.42    7.41    7.36    9.02   10.82    9.29   11.57    8.86    5.14    7.94    9.80   11.11    7.48   11.30    8.57    8.96    6.61    6.10    7.49    9.56    6.25   10.71    7.89   10.61    9.13    5.47    9.69   11.16    9.83    7.62   11.39   12.37    7.11    9.23    9.65    8.70    9.84    9.68    7.96    5.51   10.55   12.11    7.69    9.75   10.05    8.07   11.11    7.77
    12: lcl|NC_004455.1_prot_NP_758892.1_7_80    11.34   11.98   12.33    9.81   10.94   14.70   16.20   11.62   11.35   15.29   11.11  100.00   21.61   10.08    7.95    8.67    5.63    6.45    9.69    6.33    6.49    8.11    9.05    6.33    7.56    8.76    8.91   10.45    5.49   11.45   11.16    6.19    7.73    8.94   10.83    8.68    8.20   11.16   10.71    8.72    8.33    8.84   11.61    7.35    7.66    6.64    9.05    9.28    9.60    8.98    9.16    8.37    9.42    8.57   12.22    8.82   10.04    8.97    6.83    7.05    8.62    7.27    9.69    8.23   11.93   11.39    9.69   11.20   10.46   11.26   11.01   11.07    8.77    9.24   10.70   11.00    9.13    8.30   10.13    6.57   10.85    6.11    7.37    5.59    5.13   10.82   10.00    9.91   10.75    9.13    7.83    5.98    8.41   10.62    9.13    9.16   12.78   10.98    7.88    7.69
    13: lcl|NC_004455.1_prot_NP_758892.1_7_91    16.15   13.14   11.45   10.29   11.86   15.12   18.62   13.71   12.16    9.23   13.90   21.61  100.00   13.96   10.71   10.82    8.97   10.36   10.59    9.05   10.39   10.68   10.00    9.44   11.06    7.89    8.09   10.29    6.73    8.63   13.53    8.04   10.22    9.30    7.31    6.73   10.98    8.47   11.56   10.05   11.24   10.07   10.45    7.07    9.52   10.42   12.31    7.62   10.55   10.55    8.43    8.50   12.92   10.31   11.62    9.31   15.02   11.52   10.42   11.11   11.00   11.27   10.08    9.65    8.98    9.31    8.18   14.88   10.53    9.31    8.77    7.66    6.90   10.73    8.51    6.83    8.88   11.51   10.30   10.53   11.35    6.53    9.28    9.68   12.50    8.91    7.39    6.28   10.64    8.59   11.46    8.29   12.34    9.50    9.69    7.01   10.32    6.02    8.20   10.00
    14: lcl|NC_004455.1_prot_NP_758892.1_7_73     8.77    7.77   13.41    9.81    7.82    8.05   10.98    8.02    6.51    5.51   10.74   10.08   13.96  100.00   16.87   14.47   14.62   18.82   15.47   11.91   11.92   10.51   11.73   13.49   13.05   11.40   12.46    9.58   12.89   13.47    9.66   10.40   15.02    9.21    6.34   10.81    7.98   10.31   10.70   11.28    7.45    9.75   11.35    9.78    6.52   11.07    9.62   10.06   10.50   12.60   14.29   13.19    9.27    7.48   11.46    9.34   10.99   11.11    9.96    8.74    6.98    8.64    8.98    9.26    7.17    9.21   11.89    9.62   10.98    9.40   10.22    8.14   10.10    9.05   10.00    7.10    8.28    7.53    9.80   10.43    6.01    9.96    8.47   11.38    7.58    8.85    8.71    9.48   10.70    8.88    8.44    5.74    6.54    9.83    7.49    8.76    9.05   12.17    7.69    8.96
    15: lcl|NC_004455.1_prot_NP_758892.1_7_35     9.09    8.15    9.81    8.95    6.60    9.70   10.38   11.97    8.30    7.89   10.63    7.95   10.71   16.87  100.00   18.01   17.39   19.54   13.02   14.15   13.36   10.20   13.36   11.14   12.61   12.32   11.69    6.97    9.69   11.68    8.70    9.57   14.39    8.76    8.94    7.66    7.50    7.42    7.92    9.80   10.00    9.35   11.63    7.42    6.07   11.19   10.32    8.61    8.39    9.44    7.85   10.94    7.32    7.73    9.71   12.42   11.55    7.17    7.69   10.00   10.22   11.04    9.82    8.50   10.00    7.91    4.44    8.56    8.60    6.93   13.04   10.96    8.80    9.38    7.92   11.00    8.11    9.20    7.80   10.65    7.81   12.08    9.87    8.45    9.09    8.22    8.92   10.88    9.17    7.87    8.26    9.47    8.43    7.83    8.33    7.83    8.50    7.98    6.82    6.14
    16: lcl|NC_004455.1_prot_NP_758892.1_7_87    10.05    8.18    9.57    8.91    6.40    9.42   11.00   11.00   10.29    9.96    9.30    8.67   10.82   14.47   18.01  100.00   18.83   17.31    9.12   10.81    7.71    9.85   10.55   13.08    8.13    9.24    9.20    9.44    7.88   15.27    9.30    7.77    6.78   10.11   10.98   10.12    8.52    9.88    7.27   10.56    7.66    6.22   10.30   12.02    6.48    7.38    8.57    9.28   12.10   10.87    7.59   10.34    9.16   10.62   11.64    9.54   10.00   11.07    9.42   10.96    8.40    6.43    6.03    9.81   11.26    8.29    5.50    8.54    9.18   12.39    8.68    8.42    8.51   11.00    9.65   10.31    8.56   10.38    8.10   10.81    8.06   10.05    9.91   10.75    8.79    7.85   13.44   10.91    6.64   13.62    8.30   11.17    7.65    6.07    6.04    3.80   10.78    5.88    9.24    7.22
    17: lcl|NC_004455.1_prot_NP_758892.1_7_12     8.30    5.02    6.98    8.15    7.02    7.92    8.96   11.59    7.53    9.54    9.85    5.63    8.97   14.62   17.39   18.83  100.00   22.83   13.39    7.63   13.60   11.03   10.85   10.82    7.84   11.81   12.16    9.30    7.35   11.55   10.44   11.27    9.95    7.72    7.01   10.75    8.23    6.40    9.47    7.84    6.03    7.88   11.52    9.52    7.23   14.40    8.04   11.11    6.67   10.50    8.68    9.65   11.43    9.77   10.17    8.52    9.59   10.34    8.26   11.16    9.05    7.02    6.84    7.41   10.33   11.39    7.89    9.42    8.68    8.14   11.68    9.89    8.23    7.37    7.48    9.31    4.23   11.63    7.65    7.96    6.72   11.35   13.06    8.52    9.36    8.33    8.33   10.56    8.72    8.82    6.74    6.70    9.28    9.35   10.21    6.81    8.99    8.33    7.25    3.72
    18: lcl|NC_004455.1_prot_NP_758892.1_7_33    12.09    8.04    7.69    8.75    7.82    7.38    8.59    7.57    7.35    7.72    7.32    6.45   10.36   18.82   19.54   17.31   22.83  100.00   10.23   10.15   10.00   11.64   10.24    8.98   13.18    9.35   11.17   10.37   11.36    9.29    9.91    8.47   10.36    9.52    6.72    8.02    5.74    8.40   10.91    8.39   11.43   10.83   10.91   10.50    9.26   11.15   11.94    8.90    7.87   10.30    8.89    7.17    6.79    9.18    9.23    8.30    6.70    7.42    8.72    6.83    7.39    8.26    6.31    9.63   12.45    9.61    6.55    9.63   10.76    9.39   12.11    7.73    9.84    6.74    8.59    8.79    4.95    6.98    7.55   10.23    4.95   11.11    8.59    8.17    9.09    9.94    9.22    9.71    9.14    5.26   10.14    8.15    8.21    8.02    5.35    8.74    8.47    9.13    5.15    4.91
    19: lcl|NC_004455.1_prot_NP_758892.1_7_79     6.48    4.44    9.27    5.63    6.33    9.30    8.68    8.76    6.84   10.34    7.80    9.69   10.59   15.47   13.02    9.12   13.39   10.23  100.00   17.30   19.42   11.90   11.81   15.80   15.49   12.73   11.92    9.97   11.66   12.93    9.86    9.04    9.97   11.51    8.56   11.24    8.04   11.36   11.26   10.34    9.79   11.95    8.30   11.36    8.09   11.07   10.09   10.15    6.27   12.21    9.93   12.83    9.84   10.24   11.07   10.26    9.13    9.34   15.12    7.84   10.92   10.61    9.02    9.09   10.39    7.44    5.65    6.43    6.90    8.82    9.24    7.55   10.58    6.39    3.92    8.72    6.25   10.00    6.56   12.00    9.02    8.30    9.56   12.15   11.44    7.78    7.92   10.04    8.27    8.16    7.93    7.92    8.93    7.25    6.41    6.58   10.55   10.25    8.33    7.84
    20: lcl|NC_004455.1_prot_NP_758892.1_7_22     4.93    8.51    8.80    9.27    6.87    7.36    5.78    7.46    6.34    4.64    8.24    6.33    9.05   11.91   14.15   10.81    7.63   10.15   17.30  100.00   21.50   11.06   11.68   13.09   12.53   10.29   11.74    6.90    9.87    7.91    7.26    7.36    9.20    4.15    7.51    9.09    5.41    7.81   10.04    9.02    5.71    5.86    9.80    9.02    9.23    8.11    9.39   10.43   10.33    9.41   10.71   10.00    8.87   10.76    9.92    6.35   10.28    7.84    9.85    6.57    7.09   10.41   11.36    9.93    7.50    5.15    7.14   10.24    7.08    6.19    7.96    8.72   14.05    7.37    6.53   12.50    7.69    7.21    7.02   10.50    5.08    6.49    7.72   10.23    9.57    9.90    7.82    8.72   10.10    8.13   10.45   10.71    6.39    5.77    6.15    5.98    8.25    8.76    7.25    6.06
    21: lcl|NC_004455.1_prot_NP_758892.1_7_36    10.00    7.54   10.85    9.90    7.64   10.78    6.79    7.41   11.47    6.40    7.42    6.49   10.39   11.92   13.36    7.71   13.60   10.00   19.42   21.50  100.00   12.02   13.20   13.61   11.98   15.02   11.49   11.16   12.06   10.95   10.28    7.45    7.77    8.39    8.61    7.51    7.98    7.75    6.67   12.70   10.19    7.94    9.05   10.50    6.93   12.77    9.69    7.96    8.05   11.44   12.18   12.85   10.73   10.50    9.90   10.47    9.02    8.11   11.40    9.33    8.41   12.50    7.21    6.87    8.73    9.30    7.44   10.70    7.52    7.22    8.51    7.45    9.71   11.29    4.76    9.14    4.80    9.17    8.53    9.78    7.87    8.81    9.84    9.33    8.60   11.50   11.38    8.07    8.44    8.11    9.26   10.14    9.43    7.02    7.84    9.41    8.67    9.33    7.91    7.86
    22: lcl|NC_004455.1_prot_NP_758892.1_7_69     8.70    8.66    7.66    7.17    8.71   11.65    7.02    8.37   11.97    9.17   11.01    8.11   10.68   10.51   10.20    9.85   11.03   11.64   11.90   11.06   12.02  100.00   18.05   13.93   12.40   12.84   12.87    8.36    9.00    8.42    7.60    8.03    8.79    8.33    9.16    7.39    8.98    8.58   10.11    7.72   10.55    9.28    7.36    7.44    5.63   10.59    9.49   11.40    6.15    9.13    8.90   10.10   10.16    9.13   10.96    9.45    7.57   10.07    9.38   10.45   11.43   11.11   11.07    7.21    6.47    9.47    5.98    8.18   10.30    6.95    9.92    9.88    7.65    8.49    7.21   10.10    5.10    8.47    6.49   11.42    7.04    8.02    6.90   10.11    6.52    7.45    6.28    9.09   14.41    6.83    8.37    7.29    9.23    8.28    8.28   10.31    8.67    6.96    6.45    7.69
    23: lcl|NC_004455.1_prot_NP_758892.1_7_89     8.72    7.01    8.58    6.08    5.28    9.50   10.13    7.41    6.87    7.95    9.20    9.05   10.00   11.73   13.36   10.55   10.85   10.24   11.81   11.68   13.20   18.05  100.00   15.37   13.99   11.64   12.12    8.21   11.82   11.22    6.37   10.48    7.86    6.33   11.72    7.66    8.68    8.94    9.58    7.44    9.09   12.84    7.00   11.00    3.69    7.72    9.23    9.06    9.45    9.16   11.07   11.36   11.07   12.36   13.49   10.34    9.18    7.81    9.80    9.21    8.04   10.53    8.37    8.85    7.08    8.23   11.06    8.19    7.69    6.75    9.35    9.52    7.78    7.58    8.53    9.89    4.71   10.29    7.73   11.32    7.96    6.00    9.43    8.21    9.57    8.16   11.05    9.09    7.11    4.89    7.38    9.00    9.09    6.60    7.61    7.65    8.74    8.89    9.17   10.81
    24: lcl|NC_004455.1_prot_NP_758892.1_7_21     5.95    9.63    8.84    5.99    6.96   12.89    7.48    6.45    7.25    9.00    5.62    6.33    9.44   13.49   11.14   13.08   10.82    8.98   15.80   13.09   13.61   13.93   15.37  100.00   17.61   16.37   16.10    7.46   10.59    8.92    9.78   10.41   11.56    8.53    7.17   10.60   10.80    7.21    9.09    9.88   11.91    9.35    6.54    8.17    7.08    7.60    7.10    7.38    8.14   11.97   13.87   10.97    7.96   10.45   13.22   10.77   12.26    9.60   11.76   10.71    8.80   10.04    9.85    8.61    8.02   12.13   10.55    7.53   12.02    8.85   12.65   11.02   12.95    7.07    7.80   10.73    8.61    9.09    9.45   11.24    9.73    7.14    8.70    7.66    6.70    6.50    8.11    7.05    6.61    7.43    6.47   10.04    8.72    9.94    9.25    7.14   13.58   11.74    9.66    7.69
    25: lcl|NC_004455.1_prot_NP_758892.1_7_42     8.33    8.57    8.29    6.88    8.80    8.28    9.04    4.88    7.85    8.45    8.02    7.56   11.06   13.05   12.61    8.13    7.84   13.18   15.49   12.53   11.98   12.40   13.99   17.61  100.00   16.35   17.10   11.07    8.31   10.04   10.91    9.12   10.77    9.43    8.57    7.00   10.59    6.93   10.79    7.56   10.00    8.98    6.52   10.27   10.20    7.62    9.18   10.27    6.50    8.98   12.02    9.29    9.39   10.63    7.69   10.05    7.20    7.23    8.70    9.02    7.11    8.37    6.11    5.32    6.37    9.60    7.17    9.64    7.69    8.00    7.82    5.45    5.43    9.29    5.79    4.50    5.66   10.40    6.38    8.03    7.73    6.86    7.20    6.22    4.15    8.88    5.59    6.96    6.11    7.49    7.27    5.26    8.81    5.24    6.90    8.43   10.73    9.57    5.24    3.02
    26: lcl|NC_004455.1_prot_NP_758892.1_7_16     6.32   10.06    8.68    9.05    5.71    9.12    5.56    6.67    9.12    9.96    7.14    8.76    7.89   11.40   12.32    9.24   11.81    9.35   12.73   10.29   15.02   12.84   11.64   16.37   16.35  100.00   18.29    7.73    9.24    8.66    9.28    8.82    8.30   10.96    6.67    7.66    8.46    9.63    7.46   10.79    6.40    5.99   10.94    7.69    9.41    9.69    9.35    8.37    8.91    8.99    9.78   11.59    7.29    8.30    6.47    9.55    7.95    8.12    6.67    6.17    9.57   12.56    3.43    6.19    7.76    9.42   10.34   11.43    6.57    7.17    6.49    8.49   10.98    6.67    7.42    7.84    5.13    8.10    7.59    7.36    7.33    7.88    9.13   10.84    6.32    8.38    7.98    5.85    9.22    8.47    8.45    9.79    6.54    3.54    6.07    6.02    5.39    7.53    7.97    5.29
    27: lcl|NC_004455.1_prot_NP_758892.1_7_66     6.84    7.45    7.63    9.65    7.66    8.37    7.52    7.66   11.03   10.30    8.94    8.91    8.09   12.46   11.69    9.20   12.16   11.17   11.92   11.74   11.49   12.87   12.12   16.10   17.10   18.29  100.00   10.89    9.26   13.26    8.66    8.16    7.89    6.84    7.87    6.96    9.21    6.56   11.70    5.60    4.05    8.52    6.90    9.26    6.67    7.66   10.28    9.33    6.72    8.29   11.16    7.72    6.70    6.91    6.28    7.96    8.30    7.60    8.37    9.13    7.45    9.88    8.56    7.63    8.04    7.11    7.73    7.07    8.88    7.84    5.91    6.45    9.32    8.67    7.77    7.63    5.03    9.15    4.19   11.88    6.25    6.92    8.33    5.24    5.13    5.23    6.67    7.48    7.43    5.66    8.47    5.99    5.61    7.18    6.59    6.88   11.96    8.98    8.66    8.26
    28: lcl|NC_004455.1_prot_NP_758892.1_7_38     7.23    8.50    7.69   10.70    9.85    7.18    7.82    8.85    9.92    7.48    5.88   10.45   10.29    9.58    6.97    9.44    9.30   10.37    9.97    6.90   11.16    8.36    8.21    7.46   11.07    7.73   10.89  100.00   22.11   16.96   14.68   15.35   13.91    7.43   12.69   11.54   11.55   13.82    9.96   11.01   10.48    9.27    9.54    7.74   10.60    9.58   10.32   10.57   13.60   10.14   11.21    9.68   11.11    8.87    8.18   12.96    9.29   11.30    7.46   11.36   11.07   10.44   10.57   13.40   11.37    9.84    9.48    6.91    9.42    7.55   10.00    5.78   10.98   12.92    8.72    8.51   10.27   10.00    9.91    9.18    9.61    8.62    6.85    6.54    6.76    9.73   11.68    9.48    7.63    7.37    8.52    7.45    9.13    8.94    9.60    7.41   10.10   12.63    7.41    5.75
    29: lcl|NC_004455.1_prot_NP_758892.1_7_70    10.16    8.19    7.14    9.05    7.96   10.31    9.68    6.67    5.07    7.76    6.19    5.49    6.73   12.89    9.69    7.88    7.35   11.36   11.66    9.87   12.06    9.00   11.82   10.59    8.31    9.24    9.26   22.11  100.00   15.42   14.44   13.57   17.25   12.66    8.74   12.67   11.11   10.76    9.52    8.15    8.88   10.33    9.18   11.11   10.29   13.13    9.67    9.45   13.51   12.20    8.77    8.85   11.51    7.72    9.88    8.99    9.38    9.68   11.63    9.82   12.69   11.06   10.42    9.38    8.64   10.38   11.50    7.31    9.05   11.32   10.66    7.39   13.71   10.00   12.31   12.00    7.34   10.27   11.76   12.24   10.74   13.71    9.36   10.84   11.74    5.88   15.43    8.44    8.85    8.21    9.29    8.37    7.46    9.62    9.13    9.62    7.50   11.33    6.00    9.09
    30: lcl|NC_004455.1_prot_NP_758892.1_7_83    11.64   10.50   10.28   13.33    8.65    9.55   11.47   11.63    7.24    8.00    9.59   11.45    8.63   13.47   11.68   15.27   11.55    9.29   12.93    7.91   10.95    8.42   11.22    8.92   10.04    8.66   13.26   16.96   15.42  100.00   17.70   17.84   14.67   12.70   15.36    8.36   10.58   10.33   11.83   11.54   11.79   11.74   10.32    9.87    9.26   10.76   11.51   10.80   14.61   11.47   13.18   13.03    9.54   10.34   10.89   12.63   11.36   11.70   13.75    9.30   11.43    9.68    8.43    6.34   11.30    8.48    8.29   11.38    6.62    7.20    9.24    8.73    9.56    8.51    8.81    8.00    6.70   11.73   10.20    7.92    9.69   12.06   10.00    8.99    8.88   12.15    8.48   13.37   11.48   10.06    9.33    9.29    8.47    9.75    8.81    9.59   11.40   14.35    8.30   10.86
    31: lcl|NC_004455.1_prot_NP_758892.1_7_53    10.27    8.65   13.04   11.97    8.71    7.28    7.44   11.54    6.67    8.80   11.27   11.16   13.53    9.66    8.70    9.30   10.44    9.91    9.86    7.26   10.28    7.60    6.37    9.78   10.91    9.28    8.66   14.68   14.44   17.70  100.00   17.59   18.81   10.93    8.66    9.66   11.76    9.68   11.71   10.92   11.06   13.74   10.14    5.78    8.75    9.36   10.04    9.03   10.90   11.29    8.77   11.88    7.72   10.30   11.96   10.92   11.55   10.84    6.79   11.45    9.97   10.61    9.12    9.58    9.88    7.08    7.66    9.47   10.71    9.77    9.88    8.89    8.25    5.35    6.53    5.02    6.61    7.17    6.99    7.35    7.89   10.86   10.63    5.29    7.66    8.74    9.09    7.98    9.13    5.69    5.29    5.91    8.37   11.93    7.07    9.79    9.05   10.62    8.47   10.42
    32: lcl|NC_004455.1_prot_NP_758892.1_7_24     9.16    6.43   11.11   10.51    9.54   11.17   11.40    9.85    7.09    9.72    9.29    6.19    8.04   10.40    9.57    7.77   11.27    8.47    9.04    7.36    7.45    8.03   10.48   10.41    9.12    8.82    8.16   15.35   13.57   17.84   17.59  100.00   21.11   11.64   10.16    7.87    7.21    9.58   10.49   10.62   10.98   10.73   12.69    8.87    6.72    9.22    9.83    8.33   10.76    9.88    9.09   11.65   10.60    9.49    6.58   10.92    8.71   12.45    8.04    8.18   10.67   11.76    7.27   10.26    8.96    9.14   10.05    9.68    9.71    8.74    7.87   11.01    6.50   10.53    6.00   11.70    9.60    8.56    7.66    7.69    8.54   12.63    7.95    9.50    7.73    8.55   12.69    6.94    8.92    7.31    6.51    8.04    8.55    9.09    6.91   10.95    7.81    7.73    6.76    9.76
    33: lcl|NC_004455.1_prot_NP_758892.1_7_48     8.89    5.65    9.57   11.79   11.22   13.61   10.42   10.82    9.95    8.16    7.11    7.73   10.22   15.02   14.39    6.78    9.95   10.36    9.97    9.20    7.77    8.79    7.86   11.56   10.77    8.30    7.89   13.91   17.25   14.67   18.81   21.11  100.00   11.86    7.41   10.92   12.37   12.29   11.00   12.61   10.42   12.78    9.06    9.82    9.47   10.89    8.18   10.00   11.51   11.85   10.49   12.56   10.07    8.42   11.74   10.73   11.49   13.16   10.34    5.83    7.69   10.08    8.82   10.08    7.48    7.96    7.80    8.86    9.17   10.09    8.41    9.24    9.78   11.11    9.88    8.78    8.12    8.26    9.09   10.22    5.65   10.64    9.45   11.30    9.52    6.33    7.41    8.29    8.73    8.96    9.92    7.44   11.11    7.72    8.42    6.73    9.38    8.40    8.89    8.30
    34: lcl|NC_004455.1_prot_NP_758892.1_7_26     8.91    9.13    9.81    8.46    8.70    9.96    7.97    7.14   11.95    7.69    9.23    8.94    9.30    9.21    8.76   10.11    7.72    9.52   11.51    4.15    8.39    8.33    6.33    8.53    9.43   10.96    6.84    7.43   12.66   12.70   10.93   11.64   11.86  100.00   16.44   14.66   15.62   14.29   15.87   11.73   14.01   12.50   12.59   11.36    8.45   12.50   13.68   14.86   11.35   10.53   12.20   13.08   11.00   11.58   10.24   13.25    9.92   11.18   13.73   11.26   10.25   11.29    8.47    9.29    8.74   12.41    9.25   12.24    9.48    9.34    7.63   10.19    9.25    8.33    8.88    7.61   12.04   11.37   10.90    9.78    7.46    6.84    6.98    6.85    7.14    9.26   12.30   10.09   11.20   10.28   10.14    8.89    9.68    9.95   10.47    9.29    8.85   11.26    8.95   13.20
    35: lcl|NC_004455.1_prot_NP_758892.1_7_93     7.79    7.55   10.19    6.88    8.33    9.04   10.53   11.01    8.33    7.07    9.48   10.83    7.31    6.34    8.94   10.98    7.01    6.72    8.56    7.51    8.61    9.16   11.72    7.17    8.57    6.67    7.87   12.69    8.74   15.36    8.66   10.16    7.41   16.44  100.00   19.23   15.95   15.28   15.18    8.86    9.52   11.15   11.31    8.68    7.82    9.63    8.17   11.54   15.22   12.54   12.98   10.76    9.13    8.73   13.48   10.14   12.04    7.01   13.70    8.26   10.18    6.80    7.75    5.63    5.26   15.00    8.59   10.04    8.45    8.29    7.72    8.57    6.41    6.70    7.38    5.79    8.53    8.76   10.64    6.53   11.58   11.89    7.87    5.88   12.10    8.40   12.32   11.27    9.57    7.43    8.29    9.00   11.49    9.18   11.06    7.22   10.53    6.56    7.46   10.38
    36: lcl|NC_004455.1_prot_NP_758892.1_7_7      7.63    7.46    7.32    8.17    6.69    9.09    7.23    6.10    8.46    7.42    8.81    8.68    6.73   10.81    7.66   10.12   10.75    8.02   11.24    9.09    7.51    7.39    7.66   10.60    7.00    7.66    6.96   11.54   12.67    8.36    9.66    7.87   10.92   14.66   19.23  100.00   15.75   18.20   15.95   12.50   13.58   11.01    9.76    9.65    8.36   11.11    7.20   12.57    9.67    9.09   12.55    7.46    8.15   11.57   10.00    8.56   11.83   12.70   12.04    9.24   10.25   12.99    7.09   11.67    7.66    7.46    8.79    7.07    6.30    6.86    4.83    8.52    6.73    9.57    6.57    8.90    6.85    6.98    6.90    8.98    8.13    6.43    7.06    8.48    9.20    7.98   12.44    4.90    8.93    8.60    6.81    6.94   11.44    7.43   10.38    7.58    9.55    9.66    7.73    8.37
    37: lcl|NC_004455.1_prot_NP_758892.1_7_81     8.12    9.35    9.85    6.13   10.29    7.03    9.96    6.06    8.57    5.60    7.48    8.20   10.98    7.98    7.50    8.52    8.23    5.74    8.04    5.41    7.98    8.98    8.68   10.80   10.59    8.46    9.21   11.55   11.11   10.58   11.76    7.21   12.37   15.62   15.95   15.75  100.00   19.21   15.83   11.45   13.67    9.18   12.27   10.82    8.44    6.85    7.86    9.66    9.84   12.11    8.23   11.00    9.25    7.52    9.85   10.53    9.39    6.90   11.19    6.87   10.83   10.65    8.90    9.93   10.83    9.57    8.37   10.41    9.38    8.64    8.49   10.65   11.34    8.85    8.09    7.88   11.39   10.11    8.82   10.33    9.09    9.05    7.58    6.33    8.33   10.14    8.00    6.50    9.20   10.53   10.53   11.59    8.51    6.54    7.98    6.67    9.48    6.76    9.95    6.91
    38: lcl|NC_004455.1_prot_NP_758892.1_7_29     6.58    8.84   10.97    7.79    8.37   11.68    7.72    9.52    7.50    7.76    9.52   11.16    8.47   10.31    7.42    9.88    6.40    8.40   11.36    7.81    7.75    8.58    8.94    7.21    6.93    9.63    6.56   13.82   10.76   10.33    9.68    9.58   12.29   14.29   15.28   18.20   19.21  100.00   19.71   12.38    9.94    9.24    9.16    6.44    8.70   11.47   12.22   10.21   11.91    9.13   10.16    9.35   11.89    9.09    7.81   10.97    9.69    7.58   10.10    9.69    6.18    9.96    8.83    9.02    8.78    8.30    9.09    8.42    8.04    6.59    6.79    9.05    5.58   10.19   10.05    7.94   12.96    7.37    9.78    9.89   11.48    7.65    7.05    8.94    7.77   10.59   13.17    9.50    8.00    6.04    9.66    7.33    8.48    9.05    6.49    8.04    9.72    8.64   10.94   11.39
    39: lcl|NC_004455.1_prot_NP_758892.1_7_75    11.06   10.27    5.53    6.38   11.07    8.72    9.38    9.31    8.50    6.67    7.41   10.71   11.56   10.70    7.92    7.27    9.47   10.91   11.26   10.04    6.67   10.11    9.58    9.09   10.79    7.46   11.70    9.96    9.52   11.83   11.71   10.49   11.00   15.87   15.18   15.95   15.83   19.71  100.00   15.08   11.32   10.43   10.45   12.28   11.26    7.96    9.31   12.46   11.83    8.23    8.88    8.99   10.83    8.55    6.06    9.57   13.47   10.80   10.75    9.45   11.93    8.79    9.84    9.33    8.26   10.29    8.24    8.99   11.56    8.24    5.82    8.64    8.94   13.57    8.13    9.55    5.94    8.72    6.88    9.27    5.94    9.01    7.94    9.51    9.52   10.70   11.27    6.99    9.80    8.87    8.99    6.57    4.43    9.24    7.89    6.67   10.85    9.09    5.41    6.13
    40: lcl|NC_004455.1_prot_NP_758892.1_7_10     7.80    5.69   10.79    7.83    8.73   12.85    8.30    9.50    8.46    8.46   14.47    8.72   10.05   11.28    9.80   10.56    7.84    8.39   10.34    9.02   12.70    7.72    7.44    9.88    7.56   10.79    5.60   11.01    8.15   11.54   10.92   10.62   12.61   11.73    8.86   12.50   11.45   12.38   15.08  100.00   16.90   17.70   13.42   11.72    9.18   12.10   10.49   15.55   14.06   15.43   11.88   13.42   13.09   10.23   14.79   13.77   10.89   10.17   12.78   11.11   13.44   13.90    4.64    7.50    5.79    7.14    8.58    7.62    9.59   10.21    9.62    9.91    8.05    8.48    4.81    7.44    8.73    9.24   13.62    6.97    9.57    9.09    9.55   10.06   10.82    8.84    7.65    4.52    4.12    9.62    8.10   11.93    6.83   12.25    8.14    7.11   10.19    6.77    5.53    6.67
    41: lcl|NC_004455.1_prot_NP_758892.1_7_25     9.61    7.47    7.96    7.14    7.05   10.58    9.00    6.06    7.84   10.82   11.95    8.33   11.24    7.45   10.00    7.66    6.03   11.43    9.79    5.71   10.19   10.55    9.09   11.91   10.00    6.40    4.05   10.48    8.88   11.79   11.06   10.98   10.42   14.01    9.52   13.58   13.67    9.94   11.32   16.90  100.00   20.58   11.15   10.91   10.77   11.84   11.62   11.89   10.94   10.63    9.70   10.00    8.81   11.69   11.11   12.03   11.07   10.62    8.84   10.68   11.52    9.46    6.49    7.66    8.66    9.31   10.43    9.35    7.02    5.24    8.70    9.45    6.03    4.83    6.19    9.25    6.60    9.77    9.09    7.89    9.80    9.06    9.81   13.02    7.14    8.86   10.91   10.36    6.82    6.84    7.69    8.85    6.61    5.96    9.69    8.12    8.24    7.05    9.01   10.08
    42: lcl|NC_004455.1_prot_NP_758892.1_7_67     7.69    8.74   10.18    9.66    7.05   10.27    8.42    8.84    8.96    6.41    7.79    8.84   10.07    9.75    9.35    6.22    7.88   10.83   11.95    5.86    7.94    9.28   12.84    9.35    8.98    5.99    8.52    9.27   10.33   11.74   13.74   10.73   12.78   12.50   11.15   11.01    9.18    9.24   10.43   17.70   20.58  100.00   12.89    6.64    9.90   12.79    9.71   14.51   12.45   12.58   12.98   11.36   14.49   11.11   12.32   13.04   15.21   10.23   10.91   12.54   11.11   11.53    5.70    4.69    8.80    7.83   12.17    7.88    8.14    9.85   10.70    9.13    9.41   11.17    7.77    9.17    9.50    7.37    7.81   10.67    9.47    6.82    7.33    8.41   10.63    9.91    8.30   10.78    6.93   11.56    9.73   13.82   11.00   12.44    8.60    8.71    8.87   10.04    6.64   11.98
    43: lcl|NC_004455.1_prot_NP_758892.1_7_54    10.39   10.05   12.18   11.26   10.64    8.65    9.68    9.17    8.92    7.47    9.57   11.61   10.45   11.35   11.63   10.30   11.52   10.91    8.30    9.80    9.05    7.36    7.00    6.54    6.52   10.94    6.90    9.54    9.18   10.32   10.14   12.69    9.06   12.59   11.31    9.76   12.27    9.16   10.45   13.42   11.15   12.89  100.00   16.50   16.61   14.72   14.87   14.49   10.78   11.72   12.50   12.40    9.94   11.23   12.20   15.58   11.94    9.75   11.64   12.37   10.99   13.37    9.59    8.14   12.22    8.57   12.95   10.12    7.63    9.95    9.48   11.46   12.50   11.11   12.61   10.10   12.55   11.50    9.64    8.97    9.42   12.24    8.57    8.00    7.14   11.11   11.73    7.73   10.88    9.69    8.20    6.83   10.44    6.99    8.33    6.52   10.64    9.41    7.08   10.66
    44: lcl|NC_004455.1_prot_NP_758892.1_7_15    11.82    8.99   11.83    6.40    6.02    7.06    9.20    9.64    7.02    8.68    7.89    7.35    7.07    9.78    7.42   12.02    9.52   10.50   11.36    9.02   10.50    7.44   11.00    8.17   10.27    7.69    9.26    7.74   11.11    9.87    5.78    8.87    9.82   11.36    8.68    9.65   10.82    6.44   12.28   11.72   10.91    6.64   16.50  100.00   19.97   13.14   13.57   12.68   11.26   12.65   11.50   12.57   12.92   12.11   11.78   12.65   11.85    7.81   12.39   10.91   12.59   10.68    6.46    8.33    9.45    7.86    9.18    9.88   10.31   11.56    6.10    8.92    9.36    8.10    7.89   10.57    9.21    8.64    7.74    9.85    8.67    6.82   11.20   10.36    8.09    8.84    6.33    7.73    6.54    6.90    7.41    7.80   10.17    8.43    6.76    8.24    8.94    6.79    7.92    7.25
    45: lcl|NC_004455.1_prot_NP_758892.1_7_28    10.67    8.85    8.51    8.57    9.13    8.04    6.22    8.21    8.26    6.72    6.80    7.66    9.52    6.52    6.07    6.48    7.23    9.26    8.09    9.23    6.93    5.63    3.69    7.08   10.20    9.41    6.67   10.60   10.29    9.26    8.75    6.72    9.47    8.45    7.82    8.36    8.44    8.70   11.26    9.18   10.77    9.90   16.61   19.97  100.00   11.40   10.79   12.65   11.93   12.22   10.74   10.43    9.21    9.12   10.71    8.18   11.18   10.36    9.27    8.31    9.55   11.17    6.27    8.16   10.70    7.79    7.66    6.91    8.60    8.55    8.08   12.32   10.98    8.26    7.46    7.78    6.64    9.44    6.54    9.49    6.97    7.23    9.88   10.80    8.26    7.57   13.17   10.43    5.52    7.61   10.98    4.00    8.61    7.69    9.09    7.10    8.85    8.97    8.24    8.06
    46: lcl|NC_004455.1_prot_NP_758892.1_7_39     9.86    7.09    8.12   11.92   10.20    8.80    7.46    7.72    9.09    7.28    6.32    6.64   10.42   11.07   11.19    7.38   14.40   11.15   11.07    8.11   12.77   10.59    7.72    7.60    7.62    9.69    7.66    9.58   13.13   10.76    9.36    9.22   10.89   12.50    9.63   11.11    6.85   11.47    7.96   12.10   11.84   12.79   14.72   13.14   11.40  100.00   19.38   14.85   10.45   14.36   15.49   13.42   10.90   13.52   11.08   13.59    9.88   15.14    9.74   11.19   11.23    8.92    7.80    9.05    7.21    9.05    7.49    7.92    5.43   10.46   10.56    6.06    9.20    7.88    5.69    5.36    6.43   10.29   10.31   11.82    8.25    8.09    6.29   10.00    6.67    6.33    9.17    7.81   10.53    6.08    9.57    7.35    7.45    7.78    8.85    6.00    8.06   10.19   10.31    7.41
    47: lcl|NC_004455.1_prot_NP_758892.1_7_61     9.66    6.03    9.06   10.36   10.07    8.60    9.50    9.47   10.24    9.79    8.92    9.05   12.31    9.62   10.32    8.57    8.04   11.94   10.09    9.39    9.69    9.49    9.23    7.10    9.18    9.35   10.28   10.32    9.67   11.51   10.04    9.83    8.18   13.68    8.17    7.20    7.86   12.22    9.31   10.49   11.62    9.71   14.87   13.57   10.79   19.38  100.00   12.91   11.11   13.22   12.81   12.31   11.73   12.13   12.71   13.59   11.34   13.46   11.23   13.90   13.54   13.04    8.70    8.58   12.07   10.50    9.35    8.85    9.09    9.26    7.72    7.44    9.79    7.18    6.70    5.64    7.69    9.31    5.00    8.59    4.48    6.69   11.94   12.95    5.21    9.21   10.86   11.11   10.05   10.75    9.18   10.38    8.67    9.24   10.05    9.84    8.20   10.39    9.68    7.96
